16
0.87250478280359167 0.58540144915944037 0.29831222318965578 0.021736639096278987 -0.27698574926563801 0.45796054110767348 -0.8320552799068649 -0.12033735826627223 -0.40286008427052766 -0.68040517050791771 0.029710550340689146 0.74673152051248204 0.45939058692166146 -0.81287399670708649 0.89884242596982156 0.61629118845625364 
-0.65699839855404496 -0.94595714097188655 0.78079478339329111 -0.5162020742503004 0.20353197362438391 -0.076755039895304966 -0.35308506123399597 -0.64333964122614806 0.069483187547644265 0.77946483799231459 -0.4970332791549309 0.22024905459035615 -0.061800331371743344 0.64963403979764967 -0.63128375244852331 0.089568261564508145 
0.79891626713746988 0.5158836904521491 -0.76683949575146637 -0.045474907870159953 -0.3234940112212179 -0.61437551007344182 0.099136733030498414 0.82038841481338642 0.537186520889954 -0.74223067226923567 -0.02919515456501165 0.6893562877966819 0.40669642919986337 -0.87893867207641652 0.84122095715311396 0.56107820363765493 
0.26712440199550436 -0.007994705349204434 0.70019134678886807 -0.57888121603936016 -0.86535682988602525 -0.14364763868211194 -0.42595929439457103 0.29251114432351244 0.9956416552866072 0.71668575038979099 -0.55784052589807676 0.16283691542355205 0.87503508845112998 -0.41765385000857236 -0.69493348509768649 -0.9744566185280944 
0.58540144915944037 0.29831222318965578 0.021736639096278987 -0.27698574926563801 0.45796054110767348 -0.8320552799068649 -0.12033735826627223 -0.40286008427052766 -0.68040517050791771 0.029710550340689146 0.74673152051248204 0.45939058692166146 -0.81287399670708649 0.89884242596982156 0.61629118845625364 -0.65699839855404496 
-0.94595714097188655 0.78079478339329111 -0.5162020742503004 0.20353197362438391 -0.076755039895304966 -0.35308506123399597 -0.64333964122614806 0.069483187547644265 0.77946483799231459 -0.4970332791549309 0.22024905459035615 -0.061800331371743344 0.64963403979764967 -0.63128375244852331 0.089568261564508145 0.79891626713746988 
0.5158836904521491 -0.76683949575146637 -0.045474907870159953 -0.3234940112212179 -0.61437551007344182 0.099136733030498414 0.82038841481338642 0.537186520889954 -0.74223067226923567 -0.02919515456501165 0.6893562877966819 0.40669642919986337 -0.87893867207641652 0.84122095715311396 0.56107820363765493 0.26712440199550436 
-0.007994705349204434 0.70019134678886807 -0.57888121603936016 -0.86535682988602525 -0.14364763868211194 -0.42595929439457103 0.29251114432351244 0.9956416552866072 0.71668575038979099 -0.55784052589807676 0.16283691542355205 0.87503508845112998 -0.41765385000857236 -0.69493348509768649 -0.9744566185280944 0.73272183618169362 
0.29831222318965578 0.021736639096278987 -0.27698574926563801 0.45796054110767348 -0.8320552799068649 -0.12033735826627223 -0.40286008427052766 -0.68040517050791771 0.029710550340689146 0.74673152051248204 0.45939058692166146 -0.81287399670708649 0.89884242596982156 0.61629118845625364 -0.65699839855404496 -0.94595714097188655 
0.78079478339329111 -0.5162020742503004 0.20353197362438391 -0.076755039895304966 -0.35308506123399597 -0.64333964122614806 0.069483187547644265 0.77946483799231459 -0.4970332791549309 0.22024905459035615 -0.061800331371743344 0.64963403979764967 -0.63128375244852331 0.089568261564508145 0.79891626713746988 0.5158836904521491 
-0.76683949575146637 -0.045474907870159953 -0.3234940112212179 -0.61437551007344182 0.099136733030498414 0.82038841481338642 0.537186520889954 -0.74223067226923567 -0.02919515456501165 0.6893562877966819 0.40669642919986337 -0.87893867207641652 0.84122095715311396 0.56107820363765493 0.26712440199550436 -0.007994705349204434 
0.70019134678886807 -0.57888121603936016 -0.86535682988602525 -0.14364763868211194 -0.42595929439457103 0.29251114432351244 0.9956416552866072 0.71668575038979099 -0.55784052589807676 0.16283691542355205 0.87503508845112998 -0.41765385000857236 -0.69493348509768649 -0.9744566185280944 0.73272183618169362 0.44967377160194966 
0.021736639096278987 -0.27698574926563801 0.45796054110767348 -0.8320552799068649 -0.12033735826627223 -0.40286008427052766 -0.68040517050791771 0.029710550340689146 0.74673152051248204 0.45939058692166146 -0.81287399670708649 0.89884242596982156 0.61629118845625364 -0.65699839855404496 -0.94595714097188655 0.78079478339329111 
-0.5162020742503004 0.20353197362438391 -0.076755039895304966 -0.35308506123399597 -0.64333964122614806 0.069483187547644265 0.77946483799231459 -0.4970332791549309 0.22024905459035615 -0.061800331371743344 0.64963403979764967 -0.63128375244852331 0.089568261564508145 0.79891626713746988 0.5158836904521491 -0.76683949575146637 
-0.045474907870159953 -0.3234940112212179 -0.61437551007344182 0.099136733030498414 0.82038841481338642 0.537186520889954 -0.74223067226923567 -0.02919515456501165 0.6893562877966819 0.40669642919986337 -0.87893867207641652 0.84122095715311396 0.56107820363765493 0.26712440199550436 -0.007994705349204434 0.70019134678886807 
-0.57888121603936016 -0.86535682988602525 -0.14364763868211194 -0.42595929439457103 0.29251114432351244 0.9956416552866072 0.71668575038979099 -0.55784052589807676 0.16283691542355205 0.87503508845112998 -0.41765385000857236 -0.69493348509768649 -0.9744566185280944 0.73272183618169362 0.44967377160194966 -0.82655177257328849 
0.58540144915944037 0.29831222318965578 0.021736639096278987 -0.27698574926563801 0.45796054110767348 -0.8320552799068649 -0.12033735826627223 -0.40286008427052766 -0.68040517050791771 0.029710550340689146 0.74673152051248204 0.45939058692166146 -0.81287399670708649 0.89884242596982156 0.61629118845625364 -0.65699839855404496 
-0.94595714097188655 0.78079478339329111 -0.5162020742503004 0.20353197362438391 -0.076755039895304966 -0.35308506123399597 -0.64333964122614806 0.069483187547644265 0.77946483799231459 -0.4970332791549309 0.22024905459035615 -0.061800331371743344 0.64963403979764967 -0.63128375244852331 0.089568261564508145 0.79891626713746988 
0.5158836904521491 -0.76683949575146637 -0.045474907870159953 -0.3234940112212179 -0.61437551007344182 0.099136733030498414 0.82038841481338642 0.537186520889954 -0.74223067226923567 -0.02919515456501165 0.6893562877966819 0.40669642919986337 -0.87893867207641652 0.84122095715311396 0.56107820363765493 0.26712440199550436 
-0.007994705349204434 0.70019134678886807 -0.57888121603936016 -0.86535682988602525 -0.14364763868211194 -0.42595929439457103 0.29251114432351244 0.9956416552866072 0.71668575038979099 -0.55784052589807676 0.16283691542355205 0.87503508845112998 -0.41765385000857236 -0.69493348509768649 -0.9744566185280944 0.73272183618169362 
0.29831222318965578 0.021736639096278987 -0.27698574926563801 0.45796054110767348 -0.8320552799068649 -0.12033735826627223 -0.40286008427052766 -0.68040517050791771 0.029710550340689146 0.74673152051248204 0.45939058692166146 -0.81287399670708649 0.89884242596982156 0.61629118845625364 -0.65699839855404496 -0.94595714097188655 
0.78079478339329111 -0.5162020742503004 0.20353197362438391 -0.076755039895304966 -0.35308506123399597 -0.64333964122614806 0.069483187547644265 0.77946483799231459 -0.4970332791549309 0.22024905459035615 -0.061800331371743344 0.64963403979764967 -0.63128375244852331 0.089568261564508145 0.79891626713746988 0.5158836904521491 
-0.76683949575146637 -0.045474907870159953 -0.3234940112212179 -0.61437551007344182 0.099136733030498414 0.82038841481338642 0.537186520889954 -0.74223067226923567 -0.02919515456501165 0.6893562877966819 0.40669642919986337 -0.87893867207641652 0.84122095715311396 0.56107820363765493 0.26712440199550436 -0.007994705349204434 
0.70019134678886807 -0.57888121603936016 -0.86535682988602525 -0.14364763868211194 -0.42595929439457103 0.29251114432351244 0.9956416552866072 0.71668575038979099 -0.55784052589807676 0.16283691542355205 0.87503508845112998 -0.41765385000857236 -0.69493348509768649 -0.9744566185280944 0.73272183618169362 0.44967377160194966 
0.021736639096278987 -0.27698574926563801 0.45796054110767348 -0.8320552799068649 -0.12033735826627223 -0.40286008427052766 -0.68040517050791771 0.029710550340689146 0.74673152051248204 0.45939058692166146 -0.81287399670708649 0.89884242596982156 0.61629118845625364 -0.65699839855404496 -0.94595714097188655 0.78079478339329111 
-0.5162020742503004 0.20353197362438391 -0.076755039895304966 -0.35308506123399597 -0.64333964122614806 0.069483187547644265 0.77946483799231459 -0.4970332791549309 0.22024905459035615 -0.061800331371743344 0.64963403979764967 -0.63128375244852331 0.089568261564508145 0.79891626713746988 0.5158836904521491 -0.76683949575146637 
-0.045474907870159953 -0.3234940112212179 -0.61437551007344182 0.099136733030498414 0.82038841481338642 0.537186520889954 -0.74223067226923567 -0.02919515456501165 0.6893562877966819 0.40669642919986337 -0.87893867207641652 0.84122095715311396 0.56107820363765493 0.26712440199550436 -0.007994705349204434 0.70019134678886807 
-0.57888121603936016 -0.86535682988602525 -0.14364763868211194 -0.42595929439457103 0.29251114432351244 0.9956416552866072 0.71668575038979099 -0.55784052589807676 0.16283691542355205 0.87503508845112998 -0.41765385000857236 -0.69493348509768649 -0.9744566185280944 0.73272183618169362 0.44967377160194966 -0.82655177257328849 
-0.27698574926563801 0.45796054110767348 -0.8320552799068649 -0.12033735826627223 -0.40286008427052766 -0.68040517050791771 0.029710550340689146 0.74673152051248204 0.45939058692166146 -0.81287399670708649 0.89884242596982156 0.61629118845625364 -0.65699839855404496 -0.94595714097188655 0.78079478339329111 -0.5162020742503004 
0.20353197362438391 -0.076755039895304966 -0.35308506123399597 -0.64333964122614806 0.069483187547644265 0.77946483799231459 -0.4970332791549309 0.22024905459035615 -0.061800331371743344 0.64963403979764967 -0.63128375244852331 0.089568261564508145 0.79891626713746988 0.5158836904521491 -0.76683949575146637 -0.045474907870159953 
-0.3234940112212179 -0.61437551007344182 0.099136733030498414 0.82038841481338642 0.537186520889954 -0.74223067226923567 -0.02919515456501165 0.6893562877966819 0.40669642919986337 -0.87893867207641652 0.84122095715311396 0.56107820363765493 0.26712440199550436 -0.007994705349204434 0.70019134678886807 -0.57888121603936016 
-0.86535682988602525 -0.14364763868211194 -0.42595929439457103 0.29251114432351244 0.9956416552866072 0.71668575038979099 -0.55784052589807676 0.16283691542355205 0.87503508845112998 -0.41765385000857236 -0.69493348509768649 -0.9744566185280944 0.73272183618169362 0.44967377160194966 -0.82655177257328849 0.8940136413527715 
