0.63361561458625038 -1.5776386508443507 1.1609573259253072 1.4923143145420958 0.53026151087224127 0.16446651579427968 -0.99369461531217085 -0.24707914526579972 -0.33168999755815798 0.55865699015980452 0.81204391769598594 
0.18694048708588767 1.3516441333051707 1.4119817162465484 -0.17182445635992319 -0.71999757153336608 -0.95680647617093251 0.22119763114797927 0.3898245651799036 0.78837945759847317 0.91426686801727941 0.21200778862952829 
-0.80668667146299244 1.6241110326957802 -0.17954203982946454 -0.78063545850293203 0.92083913222244085 -0.26335681060187777 -0.91194152237265957 -0.45744890343453848 1.3294263563266326 -0.50501986143303468 -0.30127898088836969 
1.099395525301152 1.6015897879492975 0.78092229771373312 -0.93505370372987329 0.83674385157465592 -0.37327650012026692 -2.0197998965114574 0.48735757792457834 2.3892189452761459 -0.49881585736311884 -1.3780623622004142 
-0.068113503483049759 -1.7205378154481354 -0.7623644631759724 -0.049054998693541824 0.61735979916217842 1.020477997071173 2.074857363797372 0.41657655988838238 -0.6965140669645864 0.015330778543201584 0.65796256049448321 
0.38468843616957865 2.6410233353133243 -1.6746250323583824 -1.5050374218030436 0.022816586458457827 0.97616134268750443 -0.17757968271677646 1.0355989664108542 1.9739535881252055 -0.68502463338316377 -1.6866233236735613 
0.2619766868794709 0.091969733620077682 2.2018842526460913 1.5441602164827584 -0.33693396717195068 -1.0261219069517764 0.23383488016741083 0.03248741240474716 0.67188589904564089 1.2554688815035489 0.52781400714956761 
-1.0973461155632689 0.92524597418240728 1.0831732971059567 0.12993917937616778 0.42902448560133682 0.55585966515524532 0.8391830416388798 -0.17279991627464922 0.80386548129344881 1.2989220144624083 -0.75288175554579984 
0.93698405224037651 -0.77414288527686403 -0.47930442494338976 0.51678896620457127 0.068597792778254563 1.2951025511669709 -0.27715826517340936 0.99155023426982625 0.36619041060225876 -0.10746487185737864 -0.23779052628239722 
-0.66056158031048673 -0.49097047004648003 1.5509605897501269 -1.0691167856724357 0.43705767757246516 0.15923209135140626 1.347473224835293 -0.44143182270081904 -0.019956942761074473 1.0642188970349995 0.34844579752448657 
0.63595309520682997 2.3827367790533094 -0.11438166906166326 -0.5091904020508049 -0.48820913450995596 -0.37814360210285519 0.27016756542087494 0.96262165369807984 2.0800975706628666 0.53931175031596756 -0.98767400296391505 
