naive 5000 32 0.142951 2.763663
naive 5000 64 0.176464 1.077125
naive 5000 128 0.250269 0.768345
naive 5000 256 0.513708 0.754433
dgemm 5000 32 0.165959 0.519732
dgemm 5000 64 0.245243 0.458208
dgemm 5000 128 0.221187 0.194751
dgemm 5000 256 0.653826 0.359692
cudgemm 5000 4 3.566212 0.072554
cudgemm 5000 8 0.943419 0.029202
cudgemm 5000 16 1.581201 0.069946
cudgemm 5000 32 1.268474 0.121849
naive 10000 32 0.489397 26.809742
naive 10000 64 0.661477 13.006700
naive 10000 128 0.945152 6.037746
naive 10000 256 1.020650 2.648999
dgemm 10000 32 0.489144 3.815724
dgemm 10000 64 0.572179 2.341650
dgemm 10000 128 0.730041 1.549073
dgemm 10000 256 0.736111 0.825199
cudgemm 10000 4 1.281929 0.088036
cudgemm 10000 8 1.203880 0.060665
cudgemm 10000 16 1.198069 0.056976
cudgemm 10000 32 1.325732 0.099544
naive 15000 32 1.025429 88.435555
naive 15000 64 2.133648 45.646809
naive 15000 128 1.342856 22.605919
naive 15000 256 9.561817 10.982315
dgemm 15000 32 1.032085 12.581114
dgemm 15000 64 1.538823 7.201013
dgemm 15000 128 1.220127 3.728162
dgemm 15000 256 5.688155 3.038479
cudgemm 15000 4 1.812088 0.276581
cudgemm 15000 8 1.574310 0.148888
cudgemm 15000 16 1.544243 0.105305
cudgemm 15000 32 1.609945 0.106289
naive 20000 32 1.747112 208.751938
naive 20000 64 2.403044 106.421547
naive 20000 128 1.670395 53.603172
naive 20000 256 1.686092 27.912258
dgemm 20000 32 1.740322 28.686909
dgemm 20000 64 2.171867 15.871267
dgemm 20000 128 1.683730 8.746199
dgemm 20000 256 1.699897 6.125626
cudgemm 20000 4 2.494354 0.598083
cudgemm 20000 8 2.129105 0.334076
cudgemm 20000 16 2.112961 0.189339
cudgemm 20000 32 2.053547 0.153076
naive 25000 32 2.618866 403.660248
naive 25000 64 3.064404 206.539490
naive 25000 128 5.689753 105.604614
naive 25000 256 3.018858 53.885357
dgemm 25000 32 2.611130 55.727760
dgemm 25000 64 3.038055 30.482346
dgemm 25000 128 6.332811 17.549482
dgemm 25000 256 3.013142 9.861272
cudgemm 25000 4 3.504456 1.158081
cudgemm 25000 8 2.922974 0.712769
cudgemm 25000 16 2.731644 0.373001
cudgemm 25000 32 2.755295 0.248680
cudgemm 1321 4 1.693626 0.018636
cudgemm 16 4 4.254949 0.130811
cudgemm 16 4 1.626751 0.005954
cudgemm 54 4 1.504319 0.006420
naive 120 4 0.000115 0.000269
naive 120 4 0.000119 0.000235
naive 120 64 0.001398 0.000319
naive 111 64 0.001066 0.000303
cudgemm 111 64 7.525650 0.487941
dgemm 120 64 0.001174 0.085215
dgemm 120 64 0.001172 0.000486
naive 333 4 0.000277 0.003767
naive 333 4 0.000279 0.003746
naive 333 4 0.000269 0.003769
naive 333 4 0.000244 0.003802
naive 333 4 0.000261 0.003820
naive 333 4 0.000260 0.003788
naive 333 4 0.000257 0.003740
naive 333 4 0.000256 0.003813
naive 333 4 0.000254 0.003806
naive 333 4 0.000262 0.003807
naive 333 4 0.000264 0.003810
naive 333 4 0.000292 0.003807
naive 333 4 0.000268 0.003750
naive 333 4 0.000256 0.003755
naive 333 4 0.000253 0.003746
naive 333 4 0.000265 0.003749
naive 333 4 0.000290 0.003817
naive 333 4 0.000252 0.003753
naive 333 4 0.000255 0.003746
cudgemm 333 4 0.882333 0.197884
naive 333 4 0.000260 0.003809
naive 333 4 0.000259 0.003752
naive 333 4 0.000265 0.003755
naive 333 4 0.000274 0.003747
naive 333 4 0.000244 0.003795
naive 333 4 0.000281 0.003745
naive 333 4 0.000259 0.004193
naive 333 4 0.000269 0.003760
naive 333 4 0.000262 0.003745
naive 333 4 0.000257 0.003817
naive 333 4 0.000274 0.003745
cudgemm 333 4 0.846546 0.004205
cudgemm 333 4 0.834352 0.004243
cudgemm 333 4 0.832594 0.004190
cudgemm 333 4 0.836361 0.004278
dgemm 333 4 0.001014 0.005314
dgemm 1231 32 0.013374 0.022295
naive 333 4 0.000255 0.003744
cudgemm 333 4 3.453412 0.068501
dgemm 333 4 0.000767 0.009923
dgemm 333 4 0.001010 0.002288
dgemm 1000 4 0.005513 0.030253
dgemm 5000 4 0.064994 2.880514
naive 333 4 0.000267 0.003829
naive 333 4 0.000255 0.003808
naive 333 4 0.000280 0.003746
naive 333 4 0.000261 0.003745
naive 333 4 0.000278 0.003798
naive 333 4 0.000261 0.003824
naive 333 4 0.000265 0.003745
cudgemm 1000 8 1.458725 0.016483
cudgemm 10000 8 1.857143 0.109432
naive 10000 64 0.465683 12.893177
dgemm 10000 8 0.242092 11.527615
dgemm 10000 64 0.535676 2.620154
cudgemm 333 4 0.925455 0.330930
cudgemm 333 4 0.847995 0.004223
cudgemm 333 4 0.843350 0.004157
dgemm 333 4 0.001055 0.008145
dgemm 333 4 0.001059 0.001862
cudgemm 333 4 0.835717 0.004290
cudgemm 333 8 1.316968 0.015850
cudgemm 1000 8 1.331748 0.016508
dgemm 1000 64 0.005599 0.004442
cudgemm 1000 8 1.332387 0.016572
cudgemm 1000 8 1.328457 0.016377
naive 333 4 0.000264 0.003752
cudgemm 333 4 0.961451 0.129665
dgemm 333 4 0.001016 0.001908
cudgemm 333 4 0.848026 0.004232
cudgemm 333 4 0.840591 0.004417
cudgemm 333 4 0.827008 0.004253
cudgemm 333 4 0.819806 0.004157
cudgemm 333 4 0.834495 0.004167
cudgemm 333 4 0.848911 0.004190
cudgemm 1000 4 0.674633 0.166632
cudgemm 1000 4 0.625231 0.003775
cudgemm 1000 4 0.613258 0.003743
cudgemm 1000 5 0.946319 0.006170
cudgemm 1000 6 1.072160 0.011223
naive 1000 4 0.004373 0.107055
naive 1000 4 0.001939 0.113584
naive 100 2 0.000137 0.000228
naive 1000 4 0.001941 0.107606
naive 1000 4 0.001984 0.113940
naive 1000 4 0.001924 0.107280
naive 1000 4 0.001863 0.108285
naive 1000 4 0.001956 0.106994
naive 1000 4 0.001965 0.107269
naive 1000 4 0.006289 0.107013
naive 1000 2 0.002308 0.199231
naive 1000 2 0.002412 0.197797
naive 1000 2 0.002427 0.197880
naive 1000 2 0.002494 0.200545
naive 1000 2 0.002442 0.198563
naive 3 2 0.000061 0.000004
naive 3 2 0.000055 0.000004
naive 3 2 0.000071 0.000004
naive 1000 2 0.002668 0.197955
naive 3 2 0.000065 0.000004
naive 3 2 0.000054 0.000004
naive 3 2 0.000063 0.000005
naive 3 2 0.000060 0.000004
naive 3 2 0.000064 0.000005
naive 3 3 0.000071 0.000010
naive 3 2 0.000052 0.000004
naive 3 2 0.000062 0.000004
naive 3 2 0.000052 0.000004
naive 3 2 0.000066 0.000005
naive 3 2 0.000068 0.000005
naive 3 2 0.000062 0.000004
naive 3 2 0.000065 0.000004
cudgemm 1000 4 1.416265 0.103493
cudgemm 234 4 0.818332 0.004063
cudgemm 234 4 0.814929 0.003974
dgemm 1000 4 0.006642 0.036927
naive 5000 32 0.123260 2.655953
naive 5000 64 0.106630 1.061669
naive 5000 32 0.122326 2.651258
naive 5000 32 0.125261 2.619125
naive 5000 64 0.124213 1.012239
dgemm 5000 32 0.136595 0.514668
dgemm 5000 64 0.110983 0.287854
cudgemm 5000 4 0.938498 0.017204
cudgemm 5000 8 2.487183 0.197245
cudgemm 1000 4 0.825582 0.006537
cudgemm 1000 8 0.851927 0.008270
cudgemm 5000 8 0.931454 0.020549
